19 334 19
1 18 6
12 11 3
17 10 1
13 4 6
18 17 10
15 9 8
19 6 5
7 4 2
19 12 3
1 13 7
5 6 4
16 8 6
13 17 9
7 16 3
8 16 1
1 14 3
17 18 9
10 9 6
11 3 1
9 12 5
15 17 9
18 7 7
17 12 7
7 19 10
10 8 9
15 4 5
6 1 8
3 12 3
16 10 8
2 5 6
9 16 8
15 5 4
17 3 4
19 11 10
14 1 3
13 10 2
16 11 9
16 18 1
4 14 6
19 3 4
16 1 5
9 14 9
18 10 10
4 7 3
12 17 5
13 16 1
13 7 7
2 19 3
4 11 3
17 13 7
4 17 6
2 16 8
6 15 2
9 7 7
5 10 4
2 6 3
8 3 5
17 16 10
19 10 7
17 2 8
18 13 10
3 1 9
13 5 8
15 18 3
1 2 6
19 1 7
1 3 8
16 4 6
8 14 1
10 2 10
6 9 9
15 3 9
19 14 8
12 9 6
11 15 9
13 15 6
18 9 5
2 9 2
8 9 2
1 6 3
17 9 10
7 17 6
13 18 2
19 5 5
11 9 6
9 15 3
17 14 7
16 14 3
11 10 1
4 3 8
11 7 5
15 19 4
2 4 7
1 16 10
19 9 4
5 17 9
3 19 3
1 15 9
3 16 5
18 16 3
6 19 8
8 2 4
17 15 2
14 17 6
10 16 4
1 5 9
5 7 4
17 19 8
2 17 7
6 4 1
10 19 1
10 15 2
12 5 4
18 6 1
9 19 3
15 16 8
14 5 9
11 19 9
2 11 9
5 14 7
10 5 1
14 19 2
9 4 3
5 18 4
10 12 3
18 8 5
2 3 6
12 19 3
8 15 2
13 6 10
14 12 3
15 10 2
4 10 1
12 4 4
18 3 5
18 2 4
1 11 5
5 1 7
1 4 3
7 6 5
19 2 5
7 1 5
11 1 5
9 6 4
16 17 1
15 11 10
6 16 9
10 4 8
15 14 2
4 6 1
5 13 10
1 12 6
6 7 9
2 10 2
16 5 8
15 6 1
4 1 10
5 16 9
16 12 10
17 8 6
19 7 4
3 2 5
11 6 3
19 8 8
11 8 3
8 18 1
15 8 4
13 9 4
10 13 4
16 15 7
2 12 3
6 5 6
12 6 9
7 10 1
8 17 2
4 15 4
12 18 10
12 7 10
2 15 1
6 3 6
10 7 9
14 3 7
11 16 5
7 2 1
3 9 10
9 18 7
5 15 8
7 11 2
15 7 2
19 4 10
4 12 2
14 9 1
9 3 10
9 2 1
12 8 8
2 18 4
15 2 5
1 19 8
5 19 4
3 15 2
8 5 3
5 9 2
3 13 7
13 8 8
11 13 7
3 7 8
3 4 2
8 1 10
8 11 7
12 16 5
14 18 5
10 3 1
13 12 4
14 8 4
3 11 5
12 15 10
6 8 10
7 9 10
10 18 6
11 4 8
16 13 5
14 10 8
7 12 2
15 13 7
14 15 5
8 6 2
6 13 5
4 16 1
9 10 9
19 17 4
11 17 6
14 13 10
17 5 1
14 4 7
12 10 8
18 4 4
2 14 6
8 12 5
4 8 5
10 1 1
18 15 2
16 6 6
10 14 1
3 8 8
10 17 7
18 12 1
4 18 2
3 18 2
9 5 6
4 19 9
13 14 1
9 11 1
10 6 7
8 7 6
13 1 5
16 2 4
1 9 1
13 3 8
3 14 6
7 15 1
16 9 6
1 8 10
14 16 1
17 6 2
5 2 7
1 7 2
7 18 9
1 17 3
18 19 10
14 2 10
11 14 3
3 5 8
19 13 8
8 13 4
3 10 9
8 19 2
7 8 8
17 7 10
4 13 6
2 13 5
5 3 7
4 5 9
6 17 10
4 9 8
15 12 6
15 1 9
2 1 8
12 1 6
19 16 8
18 5 9
14 7 1
7 3 6
2 8 9
11 12 6
9 13 8
17 4 2
3 6 9
11 2 3
6 2 10
6 18 7
14 11 9
12 14 2
18 11 4
9 17 9
8 10 7
6 14 9
8 4 5
7 13 10
11 18 8
4 2 10
6 11 6
16 7 2
17 11 4
16 3 8
3 17 2
7 14 9
5 4 5
19 18 4
7 5 5
2 7 3
13 2 2
17 1 10
5 11 1
1 10 1
5 8 6
9 1 2
14 6 9
19 15 10
9 8 4
13 11 2
18 1 6
18 14 7
5 12 4
6 10 10